00000000
00100101
00111101
01000100
01000011
01000011
01000110
01001001
01000101
00111100
00110101
00111001
01001001
01011110
01110000
01110111
01110100
01101010
01011110
01010100
01001100
01000010
00110110
00101011
00101000
00110010
01000011
01010000
01001110
00111100
00100011
00001110
00000000
11110010
11011101
11000100
10110010
10110000
10111101
11001110
11011000
11010101
11001010
10111110
10110100
10101100
10100010
10010110
10001100
10001000
10010000
10100010
10110111
11000111
11001011
11000100
10111011
10110111
10111010
10111101
10111101
10111100
11000011
11011011
