0000000000000000
1011101111010110
1000001100000000
1001100110011011
1101101011001110
1111110010001001
0000100110110110
0011101000010111
0111011010110011
0111000100111001
0010100111101000
1111010010100101
1111001000000100
1110101000011011
1100010011100100
1100000010000001
0000000000000000
0011111101111111
0011101100011100
0001010111100101
0000110111111100
0000101101011011
1101011000011000
1000111011000111
1000100101001101
1100010111101001
1111011001001010
0000001101110111
0010010100110010
0110011001100101
0111110011111111
0100010000101010
